cmd: ./build/benchmark
events: Ir
fl=./csu/../csu/libc-start.c
fn=__libc_start_main@@GLIBC_2.34
128 2
134 3
135 7
138 1
139 2
142 3
143 9
144 9
145 8
242 13
311 2
312 4
337 6
340 2
343 2
350 2
352 2
360 4
fl=./csu/../sysdeps/nptl/libc_start_call_main.h
fn=(below main)
30 6
45 5
47 2
52 2
53 2
56 2
59 5
83 2
fl=./csu/./csu/init-first.c
fn=_init_first
46 5
51 2
55 5
61 1
62 1
63 2
71 2
72 1
fl=./ctype/./ctype/ctype-info.c
fn=__ctype_init
37 1
39 7
41 4
42 2
43 2
44 1
fl=./debug/../sysdeps/x86_64/multiarch/ifunc-memmove.h
fn=__memcpy_chk
56 3
57 2
60 3
61 2
77 2
85 2
96 4
fn=__memmove_chk
56 3
57 2
60 3
61 2
77 2
85 2
96 4
fn=__mempcpy_chk
56 3
57 2
60 3
61 2
77 2
85 2
96 4
fl=./debug/../sysdeps/x86_64/multiarch/ifunc-memset.h
fn=__memset_chk
52 1
53 2
61 5
64 3
65 2
67 2
84 2
92 2
fl=./debug/../sysdeps/x86_64/multiarch/memcpy_chk.c
fn=__memcpy_chk
29 2
fl=./debug/../sysdeps/x86_64/multiarch/memmove_chk.c
fn=__memmove_chk
29 2
fl=./debug/../sysdeps/x86_64/multiarch/mempcpy_chk.c
fn=__mempcpy_chk
29 2
fl=./debug/../sysdeps/x86_64/multiarch/memset_chk.c
fn=__memset_chk
29 2
fl=./debug/./debug/printf_chk.c
fn=__printf_chk
25 86
28 24
32 36
33 24
37 30
fl=./elf/../bits/stdlib-bsearch.h
fn=intel_check_word.constprop.0
26 888
28 972
43 72
44 60
fl=./elf/../elf/dl-tls.c
fn=_dl_add_to_slotinfo
1177 15
1178 15
1186 3
1189 3
1190 3
1194 9
1230 6
1233 6
1234 9
1236 3
1239 3
1240 6
fn=_dl_allocate_tls_init
612 10
613 2
617 1
619 1
620 1
623 2
626 5
638 3
643 26
649 8
652 9
653 6
659 9
660 6
662 21
665 6
666 6
669 6
670 12
672 6
673 6
682 3
692 6
694 33
698 3
702 6
706 2
708 2
711 1
714 9
fn=_dl_allocate_tls_storage
97 1
103 1
465 1
469 2
470 1
471 2
480 2
517 8
523 2
525 2
535 1
540 2
545 6
fn=_dl_assign_tls_modid
161 12
164 6
177 3
217 3
219 3
222 3
223 6
fn=_dl_count_modids
228 1
230 2
231 1
246 2
fn=_dl_determine_tlsoffset
251 8
252 2
253 1
254 1
286 1
288 17
289 7
291 21
294 9
295 6
297 6
299 12
315 24
318 3
320 15
323 3
327 3
344 3
350 9
361 3
363 1
364 7
366 2
455 1
456 7
fn=_dl_tls_initial_modid_limit_setup
1138 1
1139 1
1142 13
1144 12
1145 8
1148 6
1151 1
1152 1
fn=_dl_tls_static_surplus_init
119 3
133 8
136 5
137 5
138 3
140 4
143 1
145 1
147 3
148 6
fl=./elf/../include/list.h
fn=__tls_init_tp
43 2
44 2
45 1
47 1
fl=./elf/../include/rtld-malloc.h
fn=__minimal_calloc
56 17
fn=_dl_allocate_tls_storage
44 2
56 1
fn=_dl_check_map_versions
44 18
fn=_dl_find_object_init
56 1
fn=_dl_important_hwcaps
56 4
fn=_dl_init_paths
56 4
fn=_dl_map_object_deps
56 12
fn=_dl_new_object
44 18
56 15
fn=do_lookup_x
44 13
fn=fillin_rpath.isra.0
50 2
51 1
56 2
fn=init_tls
44 3
fl=./elf/../include/scratch_buffer.h
fn=_dl_map_object_deps
77 2
78 1
85 3
131 15
fl=./elf/../include/stackinfo.h
fn=_dl_map_object_from_fd
62 210
fn=dl_main
62 7
fl=./elf/../misc/sbrk.c
fn=sbrk
37 5
40 1
58 2
62 2
78 3
fl=./elf/../nptl/nptl-stack.h
fn=__libc_early_init
61 7
fl=./elf/../sysdeps/generic/dl-cache.h
fn=_dl_load_cache_lookup
125 4
194 1
195 5
fl=./elf/../sysdeps/generic/dl-call_tls_init_tp.h
fn=init_tls
31 8
33 1
fl=./elf/../sysdeps/generic/dl-debug.h
fn=dl_main
29 4
30 1
fl=./elf/../sysdeps/generic/dl-new-hash.h
fn=_dl_lookup_symbol_x
69 1880
70 5640
74 40741
77 81482
80 39798
81 79596
87 937
88 937
89 1874
90 937
99 38861
101 38861
102 77722
104 38861
105 38861
fl=./elf/../sysdeps/generic/dl-protected.h
fn=do_lookup_x
29 7488
fl=./elf/../sysdeps/generic/ldsodefs.h
fn=_dl_lookup_map
96 129
99 110
100 44
fn=_dl_map_object_from_fd
96 18
99 12
100 6
fn=_dl_relocate_object_no_relro
79 41
152 10293
fn=_dl_start
79 6
fn=dl_main
79 2
96 7
99 4
100 1
fn=do_lookup_x
151 3728
152 5592
fl=./elf/../sysdeps/nptl/dl-mutex.c
fn=__rtld_mutex_init
30 5
37 1
40 6
44 2
45 10
47 7
51 2
52 7
53 4
fl=./elf/../sysdeps/nptl/dl-tls_init_tp.c
fn=__tls_init_tp
69 4
70 1
73 1
76 4
77 2
78 1
79 1
84 2
89 4
92 1
95 3
111 4
113 1
119 2
120 2
fn=__tls_pre_init_tp
54 4
57 4
59 5
62 2
63 2
65 1
fn=rtld_mutex_dummy
43 178
45 356
fl=./elf/../sysdeps/nptl/pthread_early_init.h
fn=__libc_early_init
33 6
34 1
38 5
45 2
46 1
48 2
52 5
53 1
54 1
56 1
fl=./elf/../sysdeps/posix/dl-fileid.h
fn=_dl_map_object_from_fd
37 20
40 10
41 10
49 60
fl=./elf/../sysdeps/unix/sysv/linux/brk.c
fn=brk
36 1
37 1
38 2
44 1
45 1
fl=./elf/../sysdeps/unix/sysv/linux/brk_call.h
fn=brk
24 2
fl=./elf/../sysdeps/unix/sysv/linux/dl-extra_tls.h
fn=_dl_determine_tlsoffset
32 4
33 3
37 10
44 1
51 4
52 3
54 1
fl=./elf/../sysdeps/unix/sysv/linux/dl-osinfo.h
fn=dl_main
39 2
52 1
fl=./elf/../sysdeps/unix/sysv/linux/dl-parse_auxv.h
fn=_dl_sysdep_parse_arguments
33 2
34 1
35 1
42 92
43 44
44 44
46 1
47 2
48 2
49 2
50 2
51 2
52 2
53 2
54 3
55 4
57 4
65 5
67 6
fl=./elf/../sysdeps/unix/sysv/linux/dl-sysdep.c
fn=_dl_sysdep_parse_arguments
78 8
79 2
80 2
81 3
82 39
83 81
86 2
90 56
93 2
94 4
95 2
96 8
fn=_dl_sysdep_start
102 6
103 1
106 2
110 2
113 1
115 2
122 3
123 2
125 5
137 3
140 5
143 4
fn=_dl_sysdep_start_cleanup
147 1
148 1
fl=./elf/../sysdeps/unix/sysv/linux/dl-vdso-setup.h
fn=dl_main
30 1
33 1
36 1
39 1
45 1
54 1
fl=./elf/../sysdeps/unix/sysv/linux/dl-vdso.h
fn=dl_main
40 2
41 5
55 2
fl=./elf/../sysdeps/unix/sysv/linux/rseq-internal.h
fn=__tls_init_tp
93 4
100 3
108 3
112 5
116 2
118 5
119 2
124 1
fl=./elf/../sysdeps/unix/sysv/linux/x86/dl-hwcap2.h
fn=update_active.constprop.0
25 2
fl=./elf/../sysdeps/unix/sysv/linux/x86/dl-minsigstacksize.h
fn=get_common_indices.constprop.0
24 2
27 2
28 2
65 3
74 2
fl=./elf/../sysdeps/x86/cpu-features.c
fn=get_common_indices.constprop.0
431 3
435 4
438 5
442 1
443 4
444 4
445 4
446 3
447 2
454 2
456 7
461 7
468 2
469 7
475 2
490 3
fn=init_cpu_features.constprop.0
409 3
410 2
411 6
416 2
417 6
422 2
423 8
565 4
728 8
731 1
732 1
733 1
740 1
742 1
751 3
754 6
755 1
758 1
760 6
765 1
769 1
770 3
773 3
775 4
781 5
788 1
809 1
811 2
818 2
821 2
901 2
908 2
926 1
927 2
968 2
975 2
977 2
981 2
987 2
1148 3
1149 2
1152 2
1153 2
1156 4
1163 1
1164 1
1165 1
1166 1
1170 4
1173 4
1236 1
1237 2
1241 3
1258 3
1259 4
1262 2
1265 1
1268 2
1282 4
1284 4
1291 2
1297 1
1303 1
1306 2
1329 5
1336 8
fn=update_active.constprop.0
90 7
94 1
102 3
103 3
104 2
112 3
113 1
121 4
122 1
127 4
130 5
131 1
134 5
135 2
139 5
140 3
141 3
142 2
146 5
147 5
148 3
150 2
151 4
165 2
169 6
170 4
172 3
176 4
182 2
184 2
188 1
189 1
196 4
198 4
204 4
206 4
208 6
213 5
262 2
263 3
279 4
295 2
299 2
300 1
303 4
307 2
311 3
312 2
316 1
317 1
320 2
322 1
323 1
326 2
389 2
393 3
402 1
403 7
fl=./elf/../sysdeps/x86/dl-cacheinfo.h
fn=get_common_cache_info.constprop.0
624 10
639 1
642 1
643 1
649 1
651 11
654 2
666 1
671 4
675 2
680 1
683 19
690 8
693 26
698 2
702 3
703 6
707 2
711 3
714 3
715 1
720 4
726 4
730 3
734 7
736 3
738 4
740 10
742 2
744 8
746 4
749 2
754 1
756 1
757 3
758 1
761 2
764 2
771 1
773 1
774 2
779 2
784 4
785 1
786 3
787 1
812 3
823 4
824 5
828 2
835 1
836 1
837 1
838 7
fn=handle_intel.constprop.0
261 108
266 24
272 12
278 48
282 24
287 24
290 36
292 24
295 60
297 24
316 96
fn=init_cpu_features.constprop.0
861 2
863 4
864 3
865 2
868 3
870 3
871 2
873 3
875 3
877 3
879 3
881 3
882 2
884 3
886 3
888 3
890 6
964 2
965 2
966 2
967 2
968 2
969 1
970 1
971 2
972 1
973 2
974 1
975 1
980 3
994 3
995 7
1000 3
1001 7
1002 2
1010 6
1011 2
1031 6
1040 2
1041 2
1046 3
1049 1
1050 2
1060 3
1066 3
1073 5
1075 1
1076 5
1078 5
1080 1
1086 3
1090 5
1091 3
1095 5
1096 3
1100 5
1101 1
1107 6
1109 2
1133 12
1139 3
1142 9
1144 10
1145 10
1146 13
1149 12
1157 2
1158 7
1159 2
1160 2
1161 1
1162 2
1163 1
fn=intel_check_word.constprop.0
120 648
123 324
129 192
133 48
135 12
139 168
141 144
143 60
145 180
153 120
162 24
165 99
168 123
172 58
174 189
177 98
178 90
179 78
180 66
182 11
184 22
186 12
187 16
188 12
189 20
190 14
191 9
193 8
194 12
197 21
200 2
204 192
212 120
219 24
226 168
257 144
fl=./elf/../sysdeps/x86/dl-get-cpu-features.c
fn=__x86_cpu_features
39 3
76 3
fn=_dl_x86_init_cpu_features
37 3
39 3
41 1
49 3
55 2
74 2
fl=./elf/../sysdeps/x86/dl-isa-level.h
fn=_dl_load_cache_lookup
28 24
fl=./elf/../sysdeps/x86/dl-prop.h
fn=_dl_map_object_from_fd
149 30
fn=_dl_process_pt_gnu_property
95 36
102 18
115 18
118 9
252 6
253 3
254 12
255 6
257 36
260 12
fn=dl_main
36 2
37 18
40 7
49 40
53 23
71 3
149 6
fl=./elf/../sysdeps/x86/get-isa-level.h
fn=_dl_hwcaps_subdirs_active
31 4
32 3
39 5
40 4
48 3
51 4
54 2
fn=update_active.constprop.0
28 1
30 1
31 3
32 3
39 4
40 3
47 1
48 3
51 4
54 2
63 5
fl=./elf/../sysdeps/x86_64/dl-cet.c
fn=_dl_cet_check
145 2
150 1
157 3
174 2
179 1
275 2
276 1
277 2
282 4
283 3
285 1
288 2
293 2
296 1
300 2
302 2
303 2
304 1
305 2
313 2
361 5
363 2
fn=_dl_cet_setup_features
331 1
334 2
350 1
fl=./elf/../sysdeps/x86_64/dl-hwcaps-subdirs.c
fn=_dl_hwcaps_subdirs_active
29 1
38 2
43 1
51 5
52 2
fl=./elf/../sysdeps/x86_64/dl-irel.h
fn=_dl_fixup
32 1
fl=./elf/../sysdeps/x86_64/dl-machine.h
fn=_dl_fixup
223 67
fn=_dl_relocate_object_no_relro
78 16
84 8
88 6
94 2
103 4
126 4
262 6894
269 6894
273 6894
282 34524
285 6
286 13816
290 6
291 9
302 1621
309 15
312 20682
315 40
318 40
341 8
342 12
347 6
349 4
358 4
395 48
397 64
401 48
410 32
418 9629
455 3
459 4
460 4
461 5
462 2
471 92
473 46
474 46
493 5823
498 3882
499 7764
509 2250
513 2250
516 3375
517 1125
725 42
729 8
fn=_dl_start
55 2
273 3
282 10
286 4
312 4
fn=_dl_sysdep_start
209 1
fl=./elf/../sysdeps/x86_64/dl-runtime.h
fn=_dl_fixup
28 67
fl=./elf/../sysdeps/x86_64/dl-trampoline.h
fn=_dl_runtime_resolve_xsave
39 67
44 67
47 67
49 67
59 67
65 67
66 67
67 67
68 67
69 67
70 67
71 67
75 67
76 67
79 67
80 67
82 67
83 67
84 67
85 67
86 67
87 67
89 67
96 67
97 67
98 67
99 67
104 67
105 67
106 67
108 67
109 67
110 67
111 67
112 67
113 67
114 67
116 67
118 67
122 67
124 67
fl=./elf/../sysdeps/x86_64/tls_get_addr.S
fn=__tls_get_addr
29 2
30 2
31 2
33 2
34 2
35 2
38 2
39 2
43 2
44 2
45 2
46 2
fl=./elf/./dl-find_object.h
fn=_dl_find_object_from_map
103 14
105 14
106 14
107 7
115 14
116 14
121 28
122 284
124 436
127 21
132 7
143 14
148 7
149 7
fl=./elf/./dl-hwcaps.h
fn=_dl_important_hwcaps
43 14
45 6
46 1
77 8
78 8
79 5
fl=./elf/./dl-load.h
fn=_dl_map_object_from_fd
91 40
92 20
93 20
94 12
96 16
fl=./elf/./dl-main.h
fn=dl_main
109 5
fl=./elf/./dl-map-segments.h
fn=_dl_map_object_from_fd
29 20
30 40
82 5
102 5
103 10
106 15
107 15
109 10
126 5
136 80
138 60
140 135
141 15
150 80
156 10
157 5
158 15
159 10
161 15
166 10
169 15
177 45
183 10
186 12
189 20
192 4
194 6
224 20
fl=./elf/./dl-sym-post.h
fn=lookup_malloc_symbol
41 8
53 12
fl=./elf/./dl-tls_block_align.h
fn=_dl_allocate_tls_storage
23 1
41 2
47 5
48 1
52 305
fl=./elf/./elf/dl-audit.c
fn=_dl_audit_activity_map
29 1
31 4
fn=_dl_audit_activity_nsid
41 3
45 9
46 3
47 15
fn=_dl_audit_objclose
97 7
98 28
fn=_dl_audit_objopen
77 5
78 20
fn=_dl_audit_preinit
118 1
119 4
fl=./elf/./elf/dl-cache.c
fn=_dl_cache_libcmp
340 76
341 450
343 800
345 408
351 12
352 8
353 178
355 16
357 8
363 392
365 392
366 102
369 162
370 162
373 12
fn=_dl_load_cache_lookup
186 34
199 8
206 72
208 170
209 68
213 68
217 102
218 68
226 20
228 4
231 8
233 24
235 28
245 8
255 12
256 16
272 20
281 8
286 8
313 8
329 30
330 14
332 16
386 44
388 8
391 12
394 5
402 5
403 6
406 7
407 1
414 1
415 2
460 9
462 28
465 12
468 8
483 12
495 12
496 60
497 16
498 4
499 36
fn=_dl_unload_cache
508 3
509 4
511 2
512 1
516 1
518 2
fl=./elf/./elf/dl-call-libc-early-init.c
fn=_dl_call_libc_early_init
27 6
29 2
33 7
37 3
39 4
40 2
41 2
fl=./elf/./elf/dl-call_fini.c
fn=_dl_call_fini
24 56
28 14
32 7
34 7
35 14
38 25
39 10
42 28
43 6
47 7
48 14
49 15
50 37
fl=./elf/./elf/dl-catch.c
fn=_dl_catch_error
258 10
260 5
261 2
262 2
263 2
265 7
fn=_dl_catch_exception
58 39
59 26
69 26
70 65
208 104
211 39
218 13
232 39
239 78
241 39
243 52
252 39
fn=_dl_receive_error
58 2
59 1
69 2
70 2
190 5
192 1
196 1
198 2
201 1
202 4
fl=./elf/./elf/dl-debug.c
fn=_dl_debug_change_state
104 2
105 2
107 12
111 2
fn=_dl_debug_initialize
76 2
120 2
122 2
127 3
128 2
154 1
157 2
160 2
162 3
169 2
fn=_dl_debug_post_relocate
46 4
51 1
52 10
54 5
56 7
57 3
70 2
fn=_dl_debug_update
76 12
77 6
94 6
96 12
100 6
fl=./elf/./elf/dl-debug_state.c
fn=_dl_debug_state
28 2
29 2
fl=./elf/./elf/dl-deps.c
fn=_dl_map_object_deps
128 2
129 5
130 6
132 3
136 9
143 18
144 20
160 9
161 1
164 1
182 1
183 5
184 1
188 15
190 27
193 7
197 21
198 46
201 15
205 10
208 22
210 20
215 5
216 5
217 10
218 10
219 5
221 636
222 298
228 123
230 12
232 52
233 24
242 12
244 24
249 35
252 5
253 5
254 5
255 10
256 5
257 5
259 20
263 36
264 27
266 411
417 14
419 15
422 10
423 15
429 5
430 25
431 25
434 5
435 5
439 21
441 7
442 32
448 5
449 1
452 5
463 4
465 3
470 6
471 1
472 2
474 24
478 7
484 14
485 20
490 7
494 2
495 4
532 2
533 2
547 9
548 1
552 9
553 3
557 1
559 2
560 1
561 4
568 3
571 2
574 10
fn=openaux
61 72
64 132
65 12
68 12
69 36
fl=./elf/./elf/dl-environ.c
fn=_dl_next_ld_env_entry
28 3
29 3
32 121
34 78
35 18
37 2
40 4
42 2
45 37
fl=./elf/./elf/dl-execstack-tunable.c
fn=_dl_handle_execstack_tunable
24 4
25 9
39 2
fl=./elf/./elf/dl-find_object.c
fn=_dl_find_object_init
578 6
581 1
583 2
584 3
596 2
597 4
599 2
602 3
607 1
608 1
611 4
613 1
616 6
618 1
621 5
fn=_dlfo_process_initial
505 18
506 2
508 2
509 4
514 24
515 34
516 14
518 52
521 48
524 52
529 36
531 18
532 6
533 24
546 2
548 20
fn=_dlfo_sort_mappings
553 8
554 2
557 19
561 10
562 95
563 30
565 30
570 35
571 20
572 15
574 4
fl=./elf/./elf/dl-fini.c
fn=_dl_fini
26 10
43 1
46 12
49 2
51 1
54 2
56 5
61 1
63 4
68 17
72 1
74 25
76 14
78 14
80 14
81 7
82 7
86 7
93 6
94 6
100 6
109 2
114 42
116 7
118 14
120 28
123 14
128 7
131 2
135 5
141 6
143 1
147 2
154 8
fl=./elf/./elf/dl-hwcaps.c
fn=_dl_important_hwcaps
51 16
53 2
54 4
56 4
76 16
78 2
79 16
83 2
85 6
86 2
87 2
99 5
101 3
104 1
111 5
124 15
126 10
127 4
128 4
129 2
132 4
141 20
142 12
144 1
150 4
154 5
155 2
156 3
161 3
162 2
171 15
173 2
174 2
184 2
185 2
188 4
192 2
193 3
200 1
201 5
207 2
208 1
212 3
215 9
fl=./elf/./elf/dl-hwcaps_split.c
fn=_dl_hwcaps_split
25 2
26 3
27 1
47 1
fn=_dl_hwcaps_split_masked
26 33
30 24
34 84
35 12
36 24
41 27
42 18
43 9
45 24
51 110
55 5
56 9
57 27
58 24
60 6
62 88
67 12
fl=./elf/./elf/dl-init.c
fn=_dl_init
29 16
35 40
37 41
81 13
82 1
83 1
86 3
89 2
94 4
119 1
120 32
121 14
127 8
fn=call_init.part.0
26 84
43 21
46 21
47 2
51 12
59 18
60 24
63 6
64 12
70 15
72 45
73 70
74 80
76 56
fl=./elf/./elf/dl-load.c
fn=_dl_dst_count
228 84
231 24
234 24
235 12
254 84
fn=_dl_init_paths
680 13
694 4
699 1
701 2
708 5
709 1
713 4
715 5
721 1
722 1
730 9
732 7
735 5
736 7
737 1
740 12
741 9
742 18
744 28
750 1
751 1
756 1
759 3
761 4
763 3
780 1
782 3
796 2
799 5
801 22
805 4
806 60
807 14
808 28
810 1
811 1
812 2
818 7
821 3
827 1
831 8
fn=_dl_lookup_map
1917 78
1918 26
1919 26
1922 207
1927 357
1929 255
1931 130
1932 110
1944 5
1945 78
fn=_dl_map_new_object
656 39
659 4
662 6
665 2
666 1
670 20
1952 75
1954 5
1962 10
1969 5
1974 15
1988 25
1992 16
1994 8
2001 16
2005 4
2006 4
2010 27
2011 1
2025 8
2026 28
2036 8
2051 8
2052 64
2058 12
2059 1
2067 8
2069 12
2073 12
2075 8
2079 8
2087 8
2110 36
2114 12
2115 4
2132 8
2139 4
2140 2
2141 2
2145 9
2148 3
2160 15
2206 60
2208 40
fn=_dl_map_object
2213 182
2214 39
2215 39
2217 30
2218 99
fn=_dl_map_object_from_fd
948 125
963 15
966 5
984 10
999 95
1000 40
1018 10
1048 20
1058 10
1065 40
1066 10
1077 15
1078 30
1079 10
1081 5
1082 20
1083 8
1086 16
1087 6
1098 5
1100 5
1102 90
1103 5
1104 5
1105 5
1106 5
1112 220
1113 557
1119 10
1126 13
1127 15
1128 50
1133 2
1134 1
1139 130
1147 60
1148 90
1149 120
1150 20
1151 40
1153 120
1155 40
1168 85
1173 20
1177 9
1181 9
1182 3
1186 15
1187 6
1190 3
1195 12
1211 5
1214 15
1219 15
1229 85
1230 40
1236 10
1246 20
1253 35
1269 20
1270 15
1276 14
1277 10
1279 10
1289 15
1308 15
1310 20
1330 15
1331 6
1337 165
1338 295
1344 85
1349 20
1362 10
1364 20
1366 10
1382 10
1386 10
1387 10
1404 10
1405 1
1408 20
1413 10
1418 10
1428 20
1429 21
1430 3
1436 10
1437 12
1442 6
1449 20
1452 15
1455 15
1457 5
1458 55
fn=_dl_notify_new_object
908 45
910 15
911 15
928 10
932 25
933 15
935 25
fn=_dl_process_pt_gnu_property
842 6
843 18
844 6
850 12
856 30
859 18
860 12
861 12
864 18
865 18
869 6
870 12
874 18
875 9
878 18
881 9
882 27
892 18
894 24
fn=expand_dynamic_string_token
231 6
234 4
375 16
389 4
400 10
fn=fillin_rpath.isra.0
442 18
446 1
448 12
455 2
457 6
461 2
466 3
467 2
474 4
479 2
483 15
484 8
502 4
506 3
508 2
512 1
513 2
514 4
515 1
517 2
523 7
524 14
525 4
527 2
528 3
529 1
535 2
536 1
539 9
545 1
548 8
fn=open_path
1760 32
1761 8
1764 4
1765 4
1767 8
1770 8
1772 84
1775 8
1783 12
1790 32
1791 87
1794 24
1799 66
1802 12
1808 12
1809 8
1811 48
1813 18
1815 6
1821 18
1827 9
1829 27
1830 3
1832 3
1834 8
1839 12
1841 6
1890 32
1894 4
1896 16
1899 12
1913 36
fn=open_verify.constprop.0
1511 132
1543 33
1548 12
1562 55
1564 22
1572 5
1573 10
1578 20
1579 10
1580 10
1582 15
1584 10
1590 10
1605 74
1688 10
1693 10
1701 20
1707 10
1713 10
1714 20
1718 15
1719 5
1742 12
1747 99
fl=./elf/./elf/dl-lookup-direct.c
fn=_dl_lookup_direct
32 15
33 9
35 6
36 6
48 9
51 6
53 21
57 9
58 18
59 15
74 39
76 6
78 18
79 6
81 15
84 25
86 9
93 6
115 3
116 27
fl=./elf/./elf/dl-lookup.c
fn=_dl_lookup_symbol_x
767 41360
769 3760
770 3760
771 1880
773 1880
777 7480
780 3760
782 3760
786 18880
787 31960
792 5640
794 112
811 16
812 32
815 1864
816 13028
823 1864
851 7456
865 5592
866 2
868 3728
885 3728
887 20680
fn=check_match
70 16785
71 1870
73 14960
78 4
86 9325
89 4304
93 3730
94 3730
98 3722
102 3722
103 16749
104 16740
109 3
110 1
111 2
112 7
115 2
141 8
143 24
144 16
147 2
158 1864
159 13065
fn=do_lookup_x
167 230
168 306
169 940
171 98
172 294
173 528
176 152
177 152
178 82
179 152
180 70
219 328
221 492
223 164
224 81
225 328
227 2406
228 486
231 352
232 176
251 352
254 95
255 285
256 322
259 1134
266 14
269 4
276 288
277 276
278 350
282 14
283 2
284 2
285 8
286 4
297 2
299 2
302 1
303 1
304 2
307 164
308 410
315 328
326 246
328 246
330 246
331 164
344 28200
350 1880
351 1880
355 18038
358 12026
362 12046
383 12024
387 12024
393 18036
397 6012
398 6012
401 30060
402 18036
405 6012
406 12024
408 6012
409 16920
410 12024
413 12024
416 30060
419 3814
420 5721
421 3814
423 3810
426 23815
428 5610
429 49005
430 3740
433 20514
436 8700
445 294
467 85
469 2
473 3728
480 9860
484 3666
488 1
496 3564
497 1782
498 1864
515 12447
518 32
519 15040
fl=./elf/./elf/dl-minimal-malloc.c
fn=__minimal_calloc
80 85
84 17
87 17
88 51
fn=__minimal_free
97 3
99 12
fn=__minimal_malloc
36 60
37 126
42 3
43 2
44 2
48 167
51 282
56 12
57 12
59 3
60 21
62 6
64 15
65 12
67 6
70 44
71 45
73 54
fl=./elf/./elf/dl-minimal.c
fn=__rtld_malloc_init_real
76 10
86 2
88 1
89 1
91 4
92 5
93 5
94 4
99 1
100 1
101 1
102 1
103 8
fn=__rtld_malloc_init_stubs
42 1
43 2
44 2
45 2
46 2
47 1
fn=lookup_malloc_symbol
61 24
63 4
64 32
68 32
69 24
71 4
72 12
fn=strsep
239 2
242 6
244 2
245 4
247 3
249 47
251 28
254 56
256 84
264 14
267 1
271 4
fl=./elf/./elf/dl-misc.c
fn=_dl_higher_prime_number
85 2
122 2
123 2
125 26
127 80
128 30
129 6
131 7
143 2
144 2
fn=_dl_name_match_p
68 812
69 464
70 136
72 116
74 458
75 665
78 113
80 96
81 464
fn=_dl_sysdep_read_whole_file
36 8
39 3
40 3
42 7
44 2
47 2
49 9
60 4
63 6
fl=./elf/./elf/dl-object.c
fn=_dl_add_to_namespace_list
31 42
33 12
35 40
38 80
40 5
42 5
45 2
46 12
47 12
48 12
50 12
51 18
fn=_dl_new_object
59 90
62 12
64 2
66 3
67 6
71 2
77 1
80 5
83 31
87 10
92 5
95 12
98 6
99 18
103 12
104 42
106 6
119 28
123 5
125 1
127 42
130 12
131 12
132 6
136 12
139 40
141 20
149 12
150 6
153 1
155 30
157 20
160 14
164 24
168 35
176 1
179 12
189 24
191 20
195 15
199 10
200 10
208 5
212 5
245 20
250 168
251 168
255 10
256 5
259 5
263 54
fl=./elf/./elf/dl-reloc.c
fn=_dl_protect_relro
352 6
353 3
356 6
359 2
363 2
364 7
370 3
fn=_dl_relocate_object
343 38
344 18
346 6
348 18
353 18
356 36
359 12
363 12
364 36
fn=_dl_relocate_object_no_relro
170 13972
171 6862
174 23119
175 19468
177 1623
178 4869
182 3616
183 1808
184 1808
186 14470
187 9010
188 3604
190 12772
193 1808
194 10848
196 1623
207 98
217 8
220 7
223 14
226 21
246 21
247 14
248 6
250 14
257 28
296 11832
298 28
321 7
324 14
338 63
fl=./elf/./elf/dl-runtime.c
fn=_dl_fixup
46 670
48 536
49 201
54 67
55 268
56 469
58 67
63 134
67 134
69 335
71 201
75 201
76 268
84 67
85 201
95 670
99 335
109 670
123 1
124 268
125 3
133 201
159 201
163 536
fl=./elf/./elf/dl-setup_hash.c
fn=_dl_setup_hash
25 7
28 21
31 21
32 14
33 7
34 7
36 21
37 7
38 21
40 7
41 14
43 7
45 28
50 7
fl=./elf/./elf/dl-sort-maps.c
fn=_dl_sort_maps
140 64
181 2
182 2
183 52
184 28
211 32
216 8
218 8
219 10
221 44
223 14
226 52
244 14
263 6
276 8
283 2
298 26
306 6
310 16
fn=_dl_sort_maps_init
289 4
290 4
291 1
292 3
293 2
fn=dfs_traversal.part.0
135 70
140 82
143 14
145 42
147 183
156 49
171 42
172 14
173 28
fl=./elf/./elf/dl-tunables.c
fn=__GI___tunable_set_val
73 54
83 6
94 24
95 30
99 12
101 24
105 6
112 12
113 12
116 12
117 6
118 6
119 6
162 24
166 6
fn=__GI___tunables_init
43 200
46 39
49 3774
53 78
57 39
188 39
255 1
294 11
300 3
304 32
306 1
317 1092
319 1404
320 351
322 1053
337 6
340 27
343 27
352 8
fn=__tunable_get_val
435 68
438 300
447 44
448 13
457 27
464 102
466 34
fl=./elf/./elf/dl-tunables.h
fn=__GI___tunables_init
160 435
161 1560
fl=./elf/./elf/dl-version.c
fn=_dl_check_all_versions
399 7
401 3
403 26
404 7
405 42
408 7
fn=_dl_check_map_versions
36 202
37 53
38 349
56 196
64 98
70 147
86 49
87 98
89 49
94 1939
99 48
108 1596
110 49
113 392
120 2247
124 749
155 63
156 7
164 7
170 21
172 21
174 21
175 7
177 14
180 10
184 10
198 7
200 24
208 24
213 36
215 37
217 147
218 339
221 98
224 147
225 40
228 38
231 196
234 147
239 37
243 36
248 7
257 30
260 10
263 599
266 453
270 141
274 18
279 6
280 24
281 18
291 6
294 32
296 12
299 20
301 7
303 36
306 147
308 196
310 196
311 98
312 147
313 147
316 147
321 37
324 36
329 7
334 12
337 10
341 141
343 292
347 141
348 564
349 423
350 141
353 462
357 141
364 606
365 404
366 36
372 12
373 10
374 10
375 4
377 4
379 124
380 60
382 2
383 5
394 63
fl=./elf/./elf/do-rel.h
fn=_dl_relocate_object_no_relro
48 14
49 42
50 56
51 7
53 70
72 14
73 21
80 42
83 3383
85 4500
96 4
97 6
105 36
114 5855
117 48
120 40
122 10499
124 17435
125 13948
126 13764
127 13764
129 10461
132 184
133 46
134 46
141 10345
142 120
155 12
156 205
157 183
160 138
162 184
163 46
164 46
171 22
173 42
174 12
176 18
184 6
187 18
202 5
fn=_dl_start
48 2
49 6
50 6
51 1
53 10
56 4
61 8
63 2
64 2
65 1
fl=./elf/./elf/get-dynamic-info.h
fn=_dl_map_object_from_fd
39 10
43 5
45 567
49 276
51 74
52 37
53 6
54 124
55 104
56 25
59 20
62 20
64 20
68 138
72 20
84 17
85 20
86 20
87 20
88 17
89 19
90 19
91 20
103 40
110 15
115 8
122 8
123 15
129 15
130 6
147 15
152 4
154 4
156 4
158 4
159 2
162 15
164 9
165 6
174 6
175 9
180 6
181 4
184 10
fl=./elf/./elf/libc-dl-profstub.c
fn=_dl_mcount_wrapper_check
40 128
41 384
42 128
fl=./elf/./elf/libc_early_init.c
fn=__libc_early_init
34 8
36 1
39 2
42 2
47 2
50 4
51 2
fl=./elf/./elf/rtld.c
fn=_dl_start
84 8
454 1
458 4
476 2
477 2
479 1
481 2
490 1
496 4
498 2
519 10
545 1
548 2
549 1
565 187
567 1
585 9
fn=dl_main
84 20
91 15
92 2
100 9
196 2
198 1
223 4
224 5
225 4
295 2
299 1
301 1
302 1
820 1
822 1
831 1
833 1
838 1
1094 1
1095 1
1097 1
1101 3
1103 1
1104 1
1119 1
1122 55
1123 130
1127 3
1132 3
1133 9
1142 1
1143 2
1145 2
1147 1
1155 8
1156 24
1157 8
1158 1
1160 12
1161 14
1165 8
1166 8
1167 4
1171 8
1203 3
1209 28
1210 64
1216 18
1222 4
1225 3
1227 2
1252 2
1253 2
1255 2
1257 1
1258 2
1261 1
1267 1
1268 28
1269 11
1270 22
1272 16
1273 8
1274 16
1279 12
1286 3
1287 2
1289 3
1356 17
1361 1
1362 1
1368 2
1378 3
1379 4
1646 9
1648 3
1649 3
1650 2
1651 3
1655 2
1656 2
1679 1
1685 3
1686 6
1689 1
1690 1
1691 1
1693 2
1694 3
1699 2
1701 2
1714 2
1717 2
1742 4
1744 1
1749 2
1752 4
1753 4
1754 3
1755 1
1756 1
1757 1
1762 2
1771 2
1775 1
1776 2
1800 2
1806 3
1807 1
1811 3
1816 3
1818 1
1820 2
1824 5
1829 2
1845 5
1921 4
1925 19
1926 1
1929 3
1930 1
1931 2
1932 2
1937 3
1947 9
1953 30
1954 14
1957 3
1958 2
1959 1
1961 31
1962 25
1969 4
1970 3
1972 2
1974 2
1976 3
1990 7
1991 2
1992 3
2002 1
2003 4
2004 5
2014 1
2015 2
2016 4
2018 2
2023 3
2222 3
2226 2
2232 2
2235 2
2243 2
2247 3
2250 1
2255 2
2259 7
2260 1
2268 2
2269 32
2271 14
2276 14
2278 16
2280 1
2281 1
2284 7
2286 56
2290 20
2291 9
2298 1
2304 2
2308 4
2310 1
2317 4
2320 2
2324 3
2327 1
2332 2
2336 6
2339 1
2340 2
2343 2
2347 2
2352 3
2359 1
2363 3
2364 3
2365 1
2368 3
2372 1
2377 10
2513 1
2584 1
2586 1
2588 15
2590 2
2592 109
2593 19
2601 15
2626 2
2636 4
2638 2
2639 1
2673 5
2675 2
2676 2
2677 1
2712 2
2722 5
2745 4
fn=handle_preload_list
182 3
789 1
793 2
795 1
797 4
799 13
800 3
808 3
852 11
853 2
857 5
860 4
861 3
863 4
864 2
870 1
872 2
874 2
875 1
878 9
fn=init_tls
734 4
736 2
740 2
746 2
749 1
750 1
751 1
756 1
759 2
762 1
769 2
770 2
776 2
780 1
783 5
fn=map_doit
641 6
643 4
644 6
646 3
fn=version_check_doit
674 6
676 6
680 3
fl=./elf/./get-dynamic-info.h
fn=_dl_start
45 76
49 36
51 10
52 5
54 20
55 16
56 5
59 4
62 4
64 4
68 20
72 3
84 4
85 3
86 4
87 4
88 5
89 3
90 4
91 4
103 10
110 3
123 3
129 3
130 3
133 2
134 3
139 5
142 5
fn=dl_main
39 4
43 1
45 115
49 56
51 12
52 6
54 24
55 20
56 5
59 4
62 4
64 4
68 28
72 7
84 3
85 5
86 5
87 5
88 4
89 5
90 5
91 5
103 9
110 3
115 2
122 3
123 4
129 3
147 4
152 2
154 2
156 2
158 2
159 2
162 4
164 3
165 2
174 2
175 3
180 2
181 3
184 3
fl=./elf/./setup-vdso.h
fn=dl_main
24 2
fl=./iconv/./iconv/gconv_simple.c
fn=__gconv_btwoc_ascii
49 128
51 512
54 128
fl=./io/../sysdeps/unix/sysv/linux/access.c
fn=access
25 1
27 7
31 1
fl=./io/../sysdeps/unix/sysv/linux/close_nocancel.c
fn=__GI___close_nocancel
25 6
26 24
27 6
fl=./io/../sysdeps/unix/sysv/linux/fstat64.c
fn=fstat
30 7
39 28
72 7
fl=./io/../sysdeps/unix/sysv/linux/fstatat64.c
fn=fstatat
91 6
146 6
160 4
161 11
162 1
fl=./io/../sysdeps/unix/sysv/linux/open64_nocancel.c
fn=__open_nocancel
28 60
31 84
39 102
41 24
fl=./io/../sysdeps/unix/sysv/linux/pread64_nocancel.c
fn=__pread64_nocancel
25 4
26 8
27 2
fl=./io/../sysdeps/unix/sysv/linux/read_nocancel.c
fn=__read_nocancel
25 5
26 20
27 5
fl=./io/../sysdeps/unix/sysv/linux/stat64.c
fn=stat
28 6
29 12
fl=./io/../sysdeps/unix/sysv/linux/write.c
fn=write
25 33
26 77
27 22
fl=./libio/../include/sys/sysmacros.h
fn=_IO_file_doallocate
47 6
fl=./libio/./libio/filedoalloc.c
fn=_IO_file_doallocate
68 9
74 9
76 4
79 2
81 2
84 1
87 5
91 2
92 2
94 5
95 1
96 8
fl=./libio/./libio/fileops.c
fn=_IO_do_write@@GLIBC_2.2.5
458 111
460 91
461 56
468 22
475 44
483 77
484 66
486 33
487 11
488 11
489 22
490 33
fn=_IO_file_overflow@@GLIBC_2.2.5
766 186
767 93
774 153
777 2
779 2
780 7
789 3
798 3
799 1
800 1
801 1
802 1
803 3
805 3
806 5
807 2
809 62
810 8
811 38
812 46
815 69
816 69
817 92
818 12
819 12
821 23
822 85
fn=_IO_file_setbuf@@GLIBC_2.2.5
416 6
417 3
420 2
422 2
424 2
425 3
fn=_IO_file_stat
1207 1
1208 2
fn=_IO_file_sync@@GLIBC_2.2.5
827 66
832 44
834 22
835 22
840 22
851 22
855 33
fn=_IO_file_write@@GLIBC_2.2.5
1234 88
1235 22
1236 66
1240 33
1241 33
1242 22
1247 11
1248 11
1249 11
1251 33
1252 33
1255 66
fn=_IO_file_xsputn@@GLIBC_2.2.5
478 14
480 6
1259 81
1261 1
1265 27
1266 9
1272 45
1274 25
1275 16
1278 37
1280 39
1282 7
1289 3
1290 1
1293 21
1295 16
1297 40
1298 16
1299 24
1301 16
1305 56
1311 16
1312 40
1314 24
1325 16
1326 10
1328 6
1329 63
fl=./libio/./libio/genops.c
fn=_IO_cleanup
810 5
811 8
814 12
818 3
819 36
827 6
829 9
832 9
834 6
836 4
838 2
840 3
841 1
845 5
847 3
854 3
856 38
857 3
861 8
862 2
882 11
883 2
895 11
fn=_IO_default_setbuf
356 5
358 1
359 1
363 2
478 10
479 5
481 4
483 3
484 2
488 1
491 2
492 2
493 2
494 6
fn=_IO_default_xsputn
397 22
400 8
401 2
405 88
425 184
427 20
430 16
fn=_IO_doallocbuf
369 4
370 2
372 4
373 6
376 2
fn=_IO_flush_all
713 11
714 2
718 5
719 8
722 12
724 3
725 36
727 18
734 9
735 12
742 39
743 3
747 8
748 2
752 11
fn=_IO_setb
355 5
356 4
358 1
359 1
361 6
364 2
fn=__overflow
225 3
227 9
229 6
fl=./libio/./libio/iofflush.c
fn=fflush
32 70
33 20
39 120
40 50
44 60
fl=./libio/./libio/ioputs.c
fn=puts
33 30
35 6
36 42
38 4
39 10
40 18
41 24
42 12
46 21
fl=./libio/./libio/libioP.h
fn=_IO_cleanup
1037 4
1038 2
fn=_IO_default_setbuf
1037 3
1038 2
fn=_IO_default_xsputn
1037 46
1038 40
fn=_IO_do_write@@GLIBC_2.2.5
1037 33
1038 22
fn=_IO_doallocbuf
1037 3
1038 2
fn=_IO_file_doallocate
1037 3
1038 2
fn=_IO_file_xsputn@@GLIBC_2.2.5
1037 24
1038 24
fn=_IO_flush_all
1037 2
fn=__overflow
1037 9
1038 6
fn=fflush
991 20
992 90
1037 30
1038 20
fn=puts
991 6
992 27
1037 9
1038 6
fl=./libio/./libio/stdfiles.c
fn=_IO_stdfiles_init
64 1
66 2
67 12
68 3
69 3
70 1
fl=./libio/./libio/vtables.c
fn=check_stdfiles_vtables
545 1
546 4
547 3
548 3
550 1
fl=./locale/./locale/newlocale.c
fn=newlocale
43 17
55 2
56 1
63 2
66 3
73 4
75 1
277 14
fl=./locale/./locale/uselocale.c
fn=uselocale
30 2
31 6
33 4
35 2
36 2
37 2
65 6
66 6
67 6
70 6
71 2
fl=./malloc/../string/bits/string_fortified.h
fn=tcache_free_init
59 104
fl=./malloc/../sysdeps/unix/sysv/linux/not-cancel.h
fn=__ptmalloc_init
96 11
fl=./malloc/./malloc/arena.c
fn=__libc_malloc2
151 84
fn=__ptmalloc_init
251 16
275 2
288 4
292 5
293 4
294 4
295 4
296 4
297 4
298 4
300 4
301 4
302 4
305 4
307 4
317 9
fn=free
151 90
fl=./malloc/./malloc/malloc.c
fn=__libc_malloc2
3247 252
3251 84
3253 126
3254 210
3279 210
fn=__ptmalloc_init
1853 100
1855 376
1856 66
1864 2
2960 2
2974 3
2975 1
2976 5
fn=_int_free_chunk
4351 120
4356 90
4359 60
4362 52
4365 52
4368 26
4373 60
4386 12
4388 16
4390 8
4391 8
4392 8
4396 8
4400 90
fn=_int_free_maybe_trim
4528 286
4531 52
4533 44
4536 65
4537 5
4550 282
fn=_int_free_merge_chunk
1895 78
4407 208
4408 26
4414 130
4417 208
4422 78
4425 52
4426 104
4433 52
4435 21
4436 21
4437 21
4438 84
4440 42
4445 78
4446 182
4458 52
4464 42
4468 21
4472 42
4480 21
4481 21
4482 42
4484 63
4501 21
4502 21
4503 21
4504 21
4506 63
4507 21
4515 5
4516 15
4517 10
fn=_int_malloc
1288 252
1888 99
1912 12
1921 2
2324 27
2325 5
2336 18
2337 12
2340 16
2348 32
2349 8
2361 25
2362 10
2371 52
2377 12
2380 20
2441 10
2449 10
2450 5
2460 10
2467 20
2475 10
2477 25
2478 20
2480 5
2483 10
2521 19
2522 2
2523 15
2529 28
2530 24
2532 4
2560 1
2572 3
2591 1
2594 2
2595 7
2597 2
2598 5
2610 4
2650 1
2652 1
2653 5
2654 1
2665 3
2698 15
2699 5
2703 5
2704 10
2707 10
2709 5
2710 5
2711 5
2712 35
2713 10
2715 5
3790 378
3822 84
3831 86
3847 82
3849 54
3850 20
3852 30
3901 627
3918 168
3919 126
3922 19
3924 57
3929 19
3930 225
3932 19
3933 38
3934 19
3936 38
3937 57
3939 19
3940 76
3942 76
3944 38
3945 38
3947 38
3958 76
3987 19
3988 19
3992 38
4023 38
4027 3
4031 319
4032 57
4033 19
4036 38
4083 76
4086 114
4087 19
4088 19
4089 19
4090 19
4095 19
4096 38
4105 57
4111 76
4122 84
4124 138
4127 96
4195 42
4196 84
4197 84
4198 84
4199 126
4204 210
4208 216
4211 128
4213 8
4214 4
4218 108
4220 44
4222 88
4226 10
4229 20
4231 30
4232 10
4233 10
4308 84
4309 126
4311 84
4314 168
4316 33
4317 66
4318 33
4319 264
4321 66
4324 33
4335 5
4336 36
4340 378
fn=alloc_perturb
1887 9
1888 27
1890 9
fn=free
3003 26
3007 104
3008 26
3015 52
3319 57
3322 114
3330 30
3333 171
3337 114
3341 171
3347 81
3350 81
3351 54
3353 135
3354 26
3364 3
3365 1
3370 60
3374 90
fn=malloc
1269 116
1288 229
3030 34
3034 68
3038 17
3039 17
3283 58
3287 174
3289 78
3291 48
3293 162
3294 17
3306 41
fn=munmap_chunk
1426 8
1433 8
1440 12
2799 8
2800 4
2802 12
2804 4
2812 20
2813 16
2816 4
2817 12
2822 8
2823 4
fn=sysmalloc_mmap
1448 12
1449 12
1912 8
2244 28
2246 12
2248 36
2251 8
2253 8
2256 16
2261 16
2262 18
2265 12
2266 20
2270 4
2271 28
fn=systrim.constprop.0
2743 3
2745 1
2746 2
2747 1
2750 3
2751 1
2753 4
2755 2
2795 1
fn=tcache_free_init
2941 3
3210 2
3218 5
3220 2
3228 1
3229 10
3312 6
3314 2
3315 4
fn=unlink_chunk.isra.0
1592 42
1594 105
1597 21
1598 21
1600 84
1603 21
1604 21
1605 105
1607 38
1608 57
1611 38
1625 19
1626 19
1629 42
fl=./malloc/./malloc/morecore.c
fn=__glibc_morecore
25 18
26 12
29 6
30 12
34 12
fl=./malloc/./malloc/scratch_buffer_set_array_size.c
fn=__libc_scratch_buffer_set_array_size
30 65
34 5
35 10
45 10
46 5
63 30
fl=./misc/../sysdeps/unix/syscall-template.S
fn=mprotect
117 35
122 7
fn=munmap
117 25
122 5
fl=./misc/../sysdeps/unix/sysv/linux/brk.c
fn=brk
36 6
37 12
38 12
44 6
45 6
fl=./misc/../sysdeps/unix/sysv/linux/brk_call.h
fn=brk
24 12
fl=./misc/../sysdeps/unix/sysv/linux/mmap64.c
fn=mmap
47 210
50 60
53 135
58 180
60 120
fl=./misc/../sysdeps/unix/sysv/linux/setvmaname.c
fn=__is_decorate_maps_enabled
33 2
34 6
43 4
fn=__set_vma_name
34 36
37 24
42 2
43 1
60 25
70 26
fl=./misc/./misc/init-misc.c
fn=__init_misc
30 5
31 5
33 4
37 6
38 4
40 2
fl=./misc/./misc/sbrk.c
fn=sbrk
37 30
40 12
43 12
58 12
59 4
62 12
63 4
66 20
67 5
74 20
78 19
fl=./nptl/../sysdeps/nptl/futex-internal.h
fn=__pthread_once_slow.isra.0
189 8
fl=./nptl/./nptl/alloca_cutoff.c
fn=__libc_alloca_cutoff
27 1
28 9
35 1
fl=./nptl/./nptl/cancellation.c
fn=__syscall_cancel
37 22
38 22
40 33
74 55
79 22
80 33
fl=./nptl/./nptl/cleanup_compat.c
fn=_pthread_cleanup_pop@@GLIBC_2.34
40 1
43 2
47 2
49 1
fn=_pthread_cleanup_push@@GLIBC_2.34
25 1
28 1
29 1
30 2
32 1
33 1
fl=./nptl/./nptl/libc-cleanup.c
fn=__libc_cleanup_pop_restore
54 2
55 2
57 4
59 4
60 6
71 2
fn=__libc_cleanup_push_defer
24 2
25 2
27 4
29 4
32 4
46 6
48 2
49 2
fl=./nptl/./nptl/pthread_mutex_conf.c
fn=__pthread_tunables_init
55 5
56 6
58 4
60 4
62 6
fl=./nptl/./nptl/pthread_mutex_lock.c
fn=pthread_mutex_lock@@GLIBC_2.2.5
44 1
45 7
46 3
71 4
74 1
76 1
78 3
81 1
83 2
90 2
95 2
104 1
110 3
111 2
158 1
160 1
163 1
166 2
fl=./nptl/./nptl/pthread_mutex_unlock.c
fn=pthread_mutex_unlock@@GLIBC_2.2.5
39 1
40 4
41 1
51 1
52 2
55 2
60 1
63 1
68 1
70 1
72 2
75 3
78 2
357 4
359 2
fl=./nptl/./nptl/pthread_once.c
fn=__pthread_once_slow.isra.0
67 9
76 1
80 2
88 2
92 2
101 4
114 14
116 2
118 3
124 2
132 8
fn=pthread_once@@GLIBC_2.34
136 16
139 14
140 28
143 1
144 29
fl=./posix/../malloc/dynarray-skeleton.c
fn=__unregister_atfork
243 5
fl=./posix/../sysdeps/unix/sysv/linux/_exit.c
fn=_Exit
27 3
30 2
fl=./posix/./posix/register-atfork.c
fn=__unregister_atfork
71 10
82 25
83 20
109 20
110 10
fl=./resource/../sysdeps/unix/sysv/linux/getrlimit64.c
fn=getrlimit
38 2
39 7
40 1
fl=./setjmp/../sysdeps/x86_64/bsd-_setjmp.S
fn=_setjmp
28 1
30 1
32 1
fl=./setjmp/../sysdeps/x86_64/setjmp.S
fn=__sigsetjmp
31 14
33 14
42 14
43 28
44 14
48 14
49 14
50 14
51 14
52 14
54 28
56 14
57 14
58 14
60 28
62 14
67 1
68 1
70 13
73 13
74 13
81 13
82 13
85 1
fl=./setjmp/./setjmp/sigjmp.c
fn=__sigjmp_save
28 1
29 1
30 2
34 2
fl=./stdio-common/../include/../locale/localeinfo.h
fn=__printf_fp_l_buffer
330 3
fl=./stdio-common/../include/printf_buffer.h
fn=__printf_buffer
163 14
fn=__printf_buffer_to_file_init
124 12
127 6
128 6
137 12
fn=__printf_fp_buffer_1.isra.0
163 4
fl=./stdio-common/../include/rounding-mode.h
fn=__printf_fp_buffer_1.isra.0
52 4
58 2
fl=./stdio-common/../libio/libioP.h
fn=__printf_buffer_to_file_done
1037 18
1038 18
fl=./stdio-common/../string/bits/string_fortified.h
fn=__printf_buffer_write
29 51
fn=__printf_fp_buffer_1.isra.0
29 4
fl=./stdio-common/../sysdeps/generic/get-rounding-mode.h
fn=__printf_fp_buffer_1.isra.0
94 1
95 7
fl=./stdio-common/../sysdeps/pthread/allocalim.h
fn=__printf_fp_buffer_1.isra.0
27 2
29 5
fl=./stdio-common/./stdio-common/Xprintf_buffer_done.c
fn=__printf_buffer_done
25 6
26 18
31 12
33 66
40 6
fl=./stdio-common/./stdio-common/Xprintf_buffer_write.c
fn=__printf_buffer_write
27 144
28 54
31 104
33 85
36 17
37 34
40 51
41 17
44 108
fl=./stdio-common/./stdio-common/_fitoa_word.c
fn=_itoa_word
24 6
25 12
29 15
38 224
47 6
fl=./stdio-common/./stdio-common/printf-parse.h
fn=__printf_buffer
55 7
82 54
fl=./stdio-common/./stdio-common/printf_buffer_to_file.c
fn=__printf_buffer_to_file_done
51 24
53 30
58 18
59 42
65 18
66 12
117 24
118 18
121 12
122 6
fn=__printf_buffer_to_file_init
108 6
109 12
111 6
112 6
fn=__printf_buffer_to_file_switch
29 12
30 48
35 12
40 24
41 12
44 12
45 12
fl=./stdio-common/./stdio-common/printf_fp.c
fn=__printf_fp_buffer_1.isra.0
91 6
93 6
95 4
101 4
105 14
107 8
108 2
110 4
111 10
122 6
123 4
124 10
127 2
138 19
159 8
177 1
187 1
221 2
222 1
226 3
230 16
234 1
266 5
267 1
268 2
271 16
272 15
273 14
279 1
280 2
294 3
297 3
301 4
305 3
306 2
308 6
309 9
310 2
311 5
313 3
318 13
322 64
324 7
327 2
337 2
368 2
369 4
375 4
376 2
377 1
380 2
381 2
382 3
385 18
388 4
389 2
390 6
391 3
394 12
396 39
397 2
403 3
407 10
411 4
413 2
439 2
442 7
458 5
460 3
461 6
463 5
477 2
665 2
674 6
676 2
680 2
686 2
688 1
689 3
692 4
694 8
696 2
701 1
738 4
746 3
759 16
760 2
763 2
766 29
769 9
771 1
773 5
775 3
787 1
788 3
789 5
790 8
792 2
793 2
794 6
795 4
805 4
806 4
808 8
809 2
810 3
813 2
830 2
834 2
835 9
840 10
842 3
844 2
855 2
924 5
935 3
980 3
983 2
987 5
988 1
991 2
994 4
996 8
1001 2
1003 2
1006 2
1009 3
1022 4
1024 2
1028 2
1030 13
fn=__printf_fp_l_buffer
1099 15
1102 3
1111 1
1112 2
1115 5
1116 5
1117 2
1122 7
1126 1
1147 11
fn=hack_digit
88 24
91 12
93 12
95 8
101 8
105 28
107 16
108 4
110 8
111 24
122 20
123 12
124 15
127 8
128 24
fl=./stdio-common/./stdio-common/vfprintf-internal.c
fn=__printf_buffer
263 3
264 3
266 2
601 84
628 30
630 6
633 6
637 24
641 6
652 12
653 18
654 18
658 12
662 54
682 14
683 6
684 6
685 6
686 6
689 6
690 6
691 6
692 6
693 6
694 6
697 6
698 6
704 84
714 3
743 2
783 6
812 1
813 3
839 3
854 14
859 1
869 3
870 51
973 4
975 32
995 12
996 2
1000 1
1017 6
1023 6
1027 18
1028 12
1030 12
1043 66
fn=__vfprintf_internal
1526 90
1529 30
1533 30
1544 12
1547 18
1548 30
1549 18
1571 66
fl=./stdio-common/./stdio-common/vfprintf-process-arg.c
fn=__printf_buffer
66 3
92 3
93 3
94 6
126 6
127 21
136 6
138 3
155 42
161 24
163 3
164 9
170 21
174 3
186 6
187 18
195 15
197 9
199 9
201 9
208 18
211 6
230 3
236 6
240 15
264 3
411 18
416 6
430 8
438 4
443 8
463 6
469 3
471 8
472 2
499 2
fl=./stdlib/../sysdeps/ieee754/dbl-64/dbl2mpn.c
fn=__mpn_extract_double
33 2
35 1
37 3
38 5
47 3
56 3
103 2
107 2
fl=./stdlib/../sysdeps/unix/sysv/linux/getrandom.c
fn=__getrandom_early_init
238 7
241 6
278 5
fl=./stdlib/../sysdeps/x86/gmp-arch.h
fn=__mpn_divrem
29 15
fl=./stdlib/../sysdeps/x86_64/lshift.S
fn=__mpn_lshift
28 1
29 1
30 1
32 1
33 1
34 1
46 1
47 1
48 1
49 1
50 1
51 1
52 1
58 1
59 1
60 1
fl=./stdlib/../sysdeps/x86_64/mul_1.S
fn=__mpn_mul_1
31 7
32 7
35 7
36 7
37 7
38 7
39 7
41 7
42 7
44 7
45 7
46 7
47 7
48 6
50 6
51 6
52 6
53 6
79 1
80 1
81 1
82 1
83 1
84 1
85 1
86 1
87 1
113 1
114 1
115 1
117 1
118 1
119 1
120 1
121 1
122 7
124 7
127 7
fl=./stdlib/../sysdeps/x86_64/rshift.S
fn=__mpn_rshift
28 2
29 2
30 2
31 2
44 2
45 2
61 2
62 2
63 2
64 2
65 2
66 2
67 2
72 2
73 2
74 2
75 2
76 2
fl=./stdlib/./stdlib/cmp.c
fn=__mpn_cmp
31 8
35 10
37 2
38 2
39 4
47 10
fl=./stdlib/./stdlib/cxa_atexit.c
fn=__cxa_atexit
41 14
43 56
44 14
46 14
52 21
53 7
54 7
55 7
56 7
57 35
58 7
67 49
69 42
fn=__new_exitfn
80 35
81 7
86 14
91 39
93 28
94 24
101 1
104 12
122 1
123 1
129 18
130 12
134 1
136 7
137 7
141 21
fl=./stdlib/./stdlib/cxa_finalize.c
fn=__cxa_finalize
45 50
48 35
51 35
55 91
56 48
58 8
60 4
91 4
93 12
96 16
97 12
98 16
102 12
108 35
112 30
120 10
121 20
122 40
fl=./stdlib/./stdlib/cxa_thread_atexit_impl.c
fn=__call_tls_dtors
148 5
149 4
165 4
fl=./stdlib/./stdlib/divrem.c
fn=__mpn_divrem
45 78
46 6
48 12
61 6
62 6
64 12
71 53
75 12
78 6
80 6
233 54
fl=./stdlib/./stdlib/exit.c
fn=__run_exit_handlers
45 12
47 9
50 2
51 2
53 7
64 1
66 2
70 1
74 24
76 21
77 14
79 43
111 3
112 3
113 3
114 9
117 12
118 9
119 12
123 9
129 2
130 2
136 4
138 2
139 2
141 2
fn=exit
147 3
148 4
fl=./stdlib/./stdlib/getenv.c
fn=getenv
25 10
29 1
42 2
43 4
44 1
46 3
47 40
49 40
50 80
55 117
56 18
69 3
154 8
fl=./stdlib/./stdlib/mul.c
fn=__mpn_mul
48 20
54 2
66 2
71 1
72 2
81 4
83 1
88 2
141 1
142 13
fl=./stdlib/./stdlib/secure-getenv.c
fn=secure_getenv
28 1
29 5
fl=./string/../include/rtld-malloc.h
fn=strdup
56 12
fl=./string/../sysdeps/x86/cacheinfo.c
fn=__x86_cacheinfo
86 3
fl=./string/../sysdeps/x86/cacheinfo.h
fn=__x86_cacheinfo
62 1
65 3
67 3
68 1
74 3
76 3
77 1
81 2
84 2
86 2
87 2
88 2
90 2
fl=./string/../sysdeps/x86_64/multiarch/../multiarch/memcmp-avx2-movbe.S
fn=bcmp
73 1
80 1
81 1
156 1
166 1
167 1
168 1
171 2
401 1
402 1
407 1
408 1
409 1
410 1
411 1
414 1
415 1
416 1
417 1
420 1
421 1
fl=./string/../sysdeps/x86_64/multiarch/../multiarch/memmove-vec-unaligned-erms.S
fn=memcpy
210 32
211 32
217 59
218 59
220 22
221 22
222 22
224 22
225 22
226 22
228 44
305 37
306 37
308 29
309 29
311 7
315 7
316 7
317 7
318 1
319 1
323 1
325 7
342 8
343 8
344 8
345 8
347 8
364 22
365 22
366 22
367 22
368 22
fn=mempcpy
197 27
198 27
199 27
200 27
fl=./string/../sysdeps/x86_64/multiarch/../multiarch/memset-vec-unaligned-erms.S
fn=memset
137 13
138 26
143 13
144 13
145 6
147 6
148 6
150 2
151 2
152 4
221 1
222 1
224 2
236 4
237 4
249 4
252 4
253 4
265 3
266 3
279 3
280 3
282 3
285 3
288 6
291 43
292 43
293 43
294 43
295 43
296 43
297 46
300 3
301 3
302 3
303 3
306 6
341 7
350 7
351 7
356 7
357 7
393 7
394 7
399 7
fl=./string/../sysdeps/x86_64/multiarch/../multiarch/strchr-avx2.S
fn=index
53 28
55 28
56 28
57 28
58 28
59 28
62 28
63 28
67 28
68 28
69 28
70 28
71 28
72 28
73 28
74 27
77 27
85 27
87 7
89 14
93 21
94 42
101 1
102 1
105 1
106 1
157 1
161 1
162 1
163 1
164 1
165 1
166 1
167 1
fl=./string/../sysdeps/x86_64/multiarch/../multiarch/strcmp-avx2.S
fn=strcmp
206 2273
249 2273
274 2273
275 2273
276 2273
278 2273
279 2273
283 2203
287 2203
289 2203
291 2203
294 2203
303 2203
304 2203
308 2201
318 2201
319 2201
322 2201
326 4402
371 2
388 2
389 2
392 2
395 4
456 2
457 2
458 2
459 2
460 2
461 2
462 2
524 1
525 1
526 2
538 1
539 1
542 1
543 1
547 1
548 1
549 1
550 1
553 1
554 1
555 1
556 1
560 1
563 1
564 1
565 1
567 1
568 1
571 1
574 1
575 1
576 1
577 1
580 1
581 1
582 1
583 1
652 1
668 1
669 1
672 1
673 1
674 1
677 2
953 215
954 215
957 134
958 134
959 134
960 134
962 134
965 134
966 134
970 47
971 47
980 17
984 17
985 32
993 53
994 53
995 53
996 53
997 53
998 53
1000 53
1035 69
1036 69
1047 69
1048 69
1051 69
1052 69
1053 69
1056 138
1076 87
1077 87
1080 53
1081 53
1082 53
1083 53
1089 53
1091 53
1094 53
1095 53
1100 17
1101 17
1103 15
1104 15
1105 15
1106 15
1107 15
1108 15
1109 15
1154 2
1155 2
1157 2
1158 2
1159 2
1160 2
1161 2
1162 2
1163 2
1164 2
1171 2
1173 2
1177 2
1178 2
1179 2
1180 2
1181 2
1182 2
1183 2
1184 2
1195 1
1196 1
1198 1
fn=strncmp
206 1
230 1
235 1
249 1
274 1
275 1
276 1
278 1
279 1
283 1
287 1
289 1
291 1
294 1
296 1
297 1
308 1
318 1
319 1
322 1
326 2
331 1
332 1
333 1
fl=./string/../sysdeps/x86_64/multiarch/../multiarch/strcspn-sse4.c
fn=strcspn
87 1
88 2
96 3
99 2
104 1
105 2
107 1
109 3
136 2
139 1
144 1
148 4
150 1
160 7
162 8
163 3
166 3
168 1
fl=./string/../sysdeps/x86_64/multiarch/../multiarch/strlen-avx2.S
fn=strlen
52 30
65 30
66 30
67 30
70 30
72 30
73 30
76 29
77 29
85 29
86 29
87 15
92 30
118 14
131 14
132 14
133 14
139 28
143 1
156 1
157 1
158 1
164 2
221 14
236 15
242 15
243 15
244 15
246 1
247 1
248 1
249 1
511 1
512 1
513 1
516 1
531 1
532 1
fl=./string/../sysdeps/x86_64/multiarch/ifunc-avx2.h
fn=memrchr
45 2
46 4
49 5
fn=rindex
45 2
46 4
49 5
fn=strchrnul
45 2
46 4
49 5
fn=strlen
45 2
46 4
49 5
fn=strnlen
45 4
46 8
49 10
fl=./string/../sysdeps/x86_64/multiarch/ifunc-evex.h
fn=memchr
42 2
43 4
51 4
fl=./string/../sysdeps/x86_64/multiarch/ifunc-memcmp.h
fn=bcmp
40 4
41 8
44 10
fl=./string/../sysdeps/x86_64/multiarch/ifunc-memmove.h
fn=memcpy@@GLIBC_2.14
56 3
57 2
60 3
61 2
77 2
85 2
96 4
fn=memmove
56 6
57 4
60 6
61 4
77 4
85 4
96 8
fn=mempcpy
56 3
57 2
60 3
61 2
77 2
85 2
96 4
fl=./string/../sysdeps/x86_64/multiarch/ifunc-memset.h
fn=memset
52 3
53 6
61 15
64 9
65 6
67 6
84 6
92 6
fl=./string/../sysdeps/x86_64/multiarch/ifunc-strcasecmp.h
fn=strcasecmp
41 2
42 4
45 5
fn=strcasecmp_l
41 2
42 4
45 5
fn=strncasecmp
41 2
42 4
45 5
fn=strncasecmp_l
41 2
42 4
45 5
fl=./string/../sysdeps/x86_64/multiarch/ifunc-strcpy.h
fn=stpcpy
42 2
43 4
46 5
fn=strcat
42 2
43 4
46 5
fn=strcpy
42 2
43 4
46 5
fl=./string/../sysdeps/x86_64/multiarch/ifunc-strncpy.h
fn=stpncpy
39 2
40 4
43 5
fn=strncpy
39 2
40 4
43 5
fl=./string/../sysdeps/x86_64/multiarch/memchr.c
fn=memchr
29 2
fl=./string/../sysdeps/x86_64/multiarch/memcmp-avx2-movbe.S
fn=__memcmp_avx2_movbe
73 50
80 50
81 50
84 1
85 1
86 1
90 1
91 1
93 1
94 1
97 1
98 1
99 1
102 1
103 1
106 1
107 1
110 1
111 1
112 1
113 1
114 1
115 1
116 1
117 1
118 1
119 1
122 1
123 1
129 1
130 1
131 1
132 1
136 1
137 1
139 1
140 1
141 1
142 1
145 1
146 1
147 1
148 1
149 1
150 1
152 2
156 39
166 39
167 39
168 39
171 78
401 49
402 49
407 49
408 49
409 49
410 49
411 49
414 49
415 49
416 49
417 49
420 49
421 49
422 10
423 20
fl=./string/../sysdeps/x86_64/multiarch/memcmp.c
fn=bcmp
29 2
fl=./string/../sysdeps/x86_64/multiarch/memcmpeq.c
fn=memcpy@@GLIBC_2.14
29 1
fl=./string/../sysdeps/x86_64/multiarch/memcpy.c
fn=memcpy@@GLIBC_2.14
29 1
fl=./string/../sysdeps/x86_64/multiarch/memmove-vec-unaligned-erms.S
fn=__memcpy_avx_unaligned_erms
255 67
256 67
262 75
263 75
265 44
266 44
267 44
270 8
271 8
272 8
275 16
305 31
306 31
308 19
309 19
311 13
315 13
316 7
317 7
318 7
319 7
320 5
321 5
323 7
325 7
331 6
332 6
333 6
334 6
335 6
342 12
343 12
344 12
345 12
347 12
364 6
365 6
366 6
367 6
368 6
375 3
376 3
377 3
378 3
379 3
380 3
381 6
386 36
387 36
392 21
393 21
395 6
396 6
397 6
399 3
400 3
401 3
402 3
403 3
404 3
405 3
406 3
407 3
408 3
409 3
410 3
411 3
412 3
413 6
417 15
418 15
422 15
424 15
428 15
429 15
440 15
443 15
445 15
447 15
451 15
452 15
461 9
462 9
464 9
466 9
467 9
468 9
471 9
473 9
475 9
477 18
483 75
484 75
485 75
486 75
487 75
488 75
489 75
490 75
491 75
492 75
493 75
494 75
496 9
497 9
498 9
499 9
501 9
505 18
518 6
519 6
521 6
522 6
523 6
525 6
527 6
529 12
535 282
536 282
537 282
538 282
539 282
540 282
541 282
542 282
543 282
544 282
545 282
546 282
548 6
549 6
550 6
551 6
553 6
554 12
563 15
570 15
571 15
577 14
580 14
582 14
585 14
586 14
588 14
590 1457566
592 14
594 14
596 28
601 15
602 15
606 15
608 15
611 15
615 15
616 15
620 15
624 15
648 1
650 1
652 1
654 1
657 1
658 1
660 65489
663 1
665 1
667 2
fn=__mempcpy_avx_unaligned_erms
242 8
243 8
244 8
245 8
fl=./string/../sysdeps/x86_64/multiarch/memmove.c
fn=memmove
29 4
fl=./string/../sysdeps/x86_64/multiarch/mempcpy.c
fn=mempcpy
33 2
fl=./string/../sysdeps/x86_64/multiarch/memrchr.c
fn=memrchr
29 1
fn=memset
29 3
fl=./string/../sysdeps/x86_64/multiarch/memset-vec-unaligned-erms.S
fn=__memset_avx2_unaligned_erms
198 18
199 36
204 18
205 18
206 18
207 18
208 18
229 18
230 18
321 18
322 18
323 18
324 18
325 18
326 4572018
331 18
333 36
fl=./string/../sysdeps/x86_64/multiarch/memset.c
fn=memset
29 3
fl=./string/../sysdeps/x86_64/multiarch/stpcpy.c
fn=stpcpy
33 1
fl=./string/../sysdeps/x86_64/multiarch/stpncpy.c
fn=stpncpy
31 1
fn=strcasecmp
31 1
fl=./string/../sysdeps/x86_64/multiarch/strcasecmp.c
fn=strcasecmp_l
31 1
fl=./string/../sysdeps/x86_64/multiarch/strcat.c
fn=strcat
29 1
fl=./string/../sysdeps/x86_64/multiarch/strchr-avx2.S
fn=__strchrnul_avx2
53 12
55 12
56 12
57 12
58 12
59 12
62 12
63 12
67 12
68 12
69 12
70 12
71 12
72 12
73 12
74 12
87 12
89 24
fl=./string/../sysdeps/x86_64/multiarch/strchr.c
fn=index
47 2
48 4
51 5
65 1
fl=./string/../sysdeps/x86_64/multiarch/strchrnul.c
fn=strchrnul
31 1
fl=./string/../sysdeps/x86_64/multiarch/strcmp-avx2.S
fn=__strncmp_avx2
206 3
230 3
235 3
249 3
274 3
275 3
276 3
278 3
279 3
283 3
287 3
289 3
291 3
294 3
296 3
297 3
308 3
318 3
319 3
322 3
326 6
331 3
332 3
333 3
957 1
958 1
959 1
960 1
962 1
965 1
966 1
1076 1
1077 1
fl=./string/../sysdeps/x86_64/multiarch/strcmp.c
fn=strcmp
52 2
53 4
56 5
79 1
fl=./string/../sysdeps/x86_64/multiarch/strcpy.c
fn=strcpy
29 1
fn=strcspn
29 3
fl=./string/../sysdeps/x86_64/multiarch/strlen-avx2.S
fn=__strlen_avx2
52 75
65 75
66 75
67 75
70 75
72 75
73 75
76 75
77 75
85 75
86 75
87 75
92 150
fl=./string/../sysdeps/x86_64/multiarch/strlen.c
fn=strlen
29 1
fl=./string/../sysdeps/x86_64/multiarch/strncase.c
fn=strncasecmp
31 1
fn=strncasecmp_l
31 1
fl=./string/../sysdeps/x86_64/multiarch/strncmp.c
fn=strncmp
48 2
49 4
52 5
67 1
fl=./string/../sysdeps/x86_64/multiarch/strncpy.c
fn=strncpy
29 1
fl=./string/../sysdeps/x86_64/multiarch/strnlen.c
fn=strnlen
31 2
fl=./string/../sysdeps/x86_64/multiarch/strpbrk.c
fn=strpbrk
29 3
fl=./string/../sysdeps/x86_64/multiarch/strrchr-avx2.S
fn=__strrchr_avx2
53 1
54 1
55 1
57 1
58 1
62 1
63 1
64 1
67 1
69 1
70 1
71 1
72 1
75 1
76 1
78 1
79 1
80 1
81 1
82 1
91 2
fl=./string/../sysdeps/x86_64/multiarch/strrchr.c
fn=rindex
28 1
fl=./string/../sysdeps/x86_64/multiarch/strspn.c
fn=strspn
29 3
fl=./string/./string/strdup.c
fn=strdup
40 36
41 12
44 12
47 24
48 18
fl=./wcsmbs/../sysdeps/x86_64/multiarch/ifunc-avx2.h
fn=wcschr
45 4
46 8
49 10
fn=wcscmp
45 2
46 4
49 5
fl=./wcsmbs/../sysdeps/x86_64/multiarch/ifunc-evex.h
fn=wmemchr
42 4
43 8
51 8
fl=./wcsmbs/../sysdeps/x86_64/multiarch/ifunc-memcmp.h
fn=wmemcmp
40 2
41 4
44 5
fl=./wcsmbs/../sysdeps/x86_64/multiarch/ifunc-wcs.h
fn=wcpncpy
44 3
45 4
fn=wcscat
44 3
45 4
fn=wcsncpy
44 3
45 4
fl=./wcsmbs/../sysdeps/x86_64/multiarch/ifunc-wcslen.h
fn=wcslen
45 2
46 4
49 5
fn=wcsnlen
45 2
46 4
49 5
fl=./wcsmbs/../sysdeps/x86_64/multiarch/ifunc-wmemset.h
fn=wmemset
40 8
48 8
fl=./wcsmbs/../sysdeps/x86_64/multiarch/wcpncpy.c
fn=wcpncpy
31 2
fl=./wcsmbs/../sysdeps/x86_64/multiarch/wcscat.c
fn=wcscat
31 2
fl=./wcsmbs/../sysdeps/x86_64/multiarch/wcschr.c
fn=wcschr
31 2
fl=./wcsmbs/../sysdeps/x86_64/multiarch/wcscmp.c
fn=wcscmp
30 1
fl=./wcsmbs/../sysdeps/x86_64/multiarch/wcslen.c
fn=wcslen
29 1
fl=./wcsmbs/../sysdeps/x86_64/multiarch/wcsncpy.c
fn=wcsncpy
31 2
fl=./wcsmbs/../sysdeps/x86_64/multiarch/wcsnlen.c
fn=wcsnlen
30 1
fl=./wcsmbs/../sysdeps/x86_64/multiarch/wmemchr.c
fn=wmemchr
31 4
fl=./wcsmbs/../sysdeps/x86_64/multiarch/wmemcmp.c
fn=wmemcmp
29 1
fl=./wcsmbs/../sysdeps/x86_64/multiarch/wmemset.c
fn=wmemset
31 4
fl=./wcsmbs/./wcsmbs/btowc.c
fn=btowc
32 1024
37 2304
42 512
46 384
47 256
48 256
52 512
55 1664
94 768
fl=./wcsmbs/./wcsmbs/wctob.c
fn=wctob
30 896
39 384
44 256
45 128
79 768
fl=./wcsmbs/./wcsmbsload.h
fn=btowc
69 128
70 384
fl=./wctype/./wctype/wctype_l.c
fn=wctype_l
26 110
29 20
32 30
33 68
35 174
37 410
40 48
41 96
45 20
46 10
47 80
fl=/usr/lib/gcc/x86_64-linux-gnu/15/include/emmintrin.h
fn=strcspn
707 1
1342 3
1462 1
fl=/usr/lib/gcc/x86_64-linux-gnu/15/include/smmintrin.h
fn=strcspn
634 6
687 11
711 10
fl=/usr/lib/gcc/x86_64-linux-gnu/15/include/tmmintrin.h
fn=strcspn
138 3
fl=???
fn=(anonymous namespace)::Operation& std::vector<(anonymous namespace)::Operation, std::allocator<(anonymous namespace)::Operation> >::emplace_back<(anonymous namespace)::Operation>((anonymous namespace)::Operation&&) [clone .isra.0]
0 7500000
fn=(below main)
0 12
fn=???
0 4014
fn=_GLOBAL__sub_I_main
0 67
fn=__cpu_indicator_init
0 368
fn=__cxa_get_globals
0 16
fn=__cxa_guard_acquire
0 57
fn=__cxa_guard_release
0 18
fn=__gnu_cxx::stdio_sync_filebuf<char, std::char_traits<char> >::sync()
0 15
fn=__gnu_cxx::stdio_sync_filebuf<wchar_t, std::char_traits<wchar_t> >::sync()
0 15
fn=hftu::OrderBook::add_order(unsigned long, int, long, long)
0 51259748
fn=hftu::OrderBook::best_ask() const
0 3225636
fn=hftu::OrderBook::best_bid() const
0 4524022
fn=hftu::OrderBook::cancel_order(unsigned long)
0 23424622
fn=hftu::run_validations()
0 33
fn=main
0 184
fn=operator delete(void*)
0 112
fn=operator delete(void*, unsigned long)
0 112
fn=operator new(unsigned long)
0 896
fn=reg_solution::{lambda(int)#1}::operator()(int) const [clone .isra.0]
0 38186285
fn=std::_Function_base::~_Function_base()
0 5
fn=std::_Function_handler<unsigned long (int), reg_solution::{lambda(int)#1}>::_M_invoke(std::_Any_data const&, int&&)
0 9
fn=std::_Function_handler<unsigned long (int), reg_solution::{lambda(int)#1}>::_M_manager(std::_Any_data&, std::_Any_data const&, std::_Manager_operation)
0 7
fn=std::__cxx11::messages<char>::messages(unsigned long)
0 20
fn=std::__cxx11::messages<wchar_t>::messages(unsigned long)
0 20
fn=std::__cxx11::moneypunct<char, false>::_M_initialize_moneypunct(__locale_struct*, char const*)
0 107
fn=std::__cxx11::moneypunct<char, true>::_M_initialize_moneypunct(__locale_struct*, char const*)
0 107
fn=std::__cxx11::moneypunct<wchar_t, false>::_M_initialize_moneypunct(__locale_struct*, char const*)
0 104
fn=std::__cxx11::moneypunct<wchar_t, true>::_M_initialize_moneypunct(__locale_struct*, char const*)
0 104
fn=std::__cxx11::numpunct<char>::_M_initialize_numpunct(__locale_struct*)
0 416
fn=std::__cxx11::numpunct<wchar_t>::_M_initialize_numpunct(__locale_struct*)
0 350
fn=std::__timepunct<char>::_M_initialize_timepunct(__locale_struct*)
0 138
fn=std::__timepunct<char>::__timepunct(std::__timepunct_cache<char>*, unsigned long)
0 23
fn=std::__timepunct<wchar_t>::_M_initialize_timepunct(__locale_struct*)
0 135
fn=std::__timepunct<wchar_t>::__timepunct(std::__timepunct_cache<wchar_t>*, unsigned long)
0 23
fn=std::basic_ios<char, std::char_traits<char> >::_M_cache_locale(std::locale const&)
0 128
fn=std::basic_ios<char, std::char_traits<char> >::init(std::basic_streambuf<char, std::char_traits<char> >*)
0 143
fn=std::basic_ios<wchar_t, std::char_traits<wchar_t> >::_M_cache_locale(std::locale const&)
0 128
fn=std::basic_ios<wchar_t, std::char_traits<wchar_t> >::init(std::basic_streambuf<wchar_t, std::char_traits<wchar_t> >*)
0 128
fn=std::basic_ostream<wchar_t, std::char_traits<wchar_t> >::flush()
0 183
fn=std::basic_ostream<wchar_t, std::char_traits<wchar_t> >::sentry::sentry(std::basic_ostream<wchar_t, std::char_traits<wchar_t> >&)
0 76
fn=std::codecvt<char, char, __mbstate_t>::codecvt(unsigned long)
0 18
fn=std::codecvt<wchar_t, char, __mbstate_t>::codecvt(unsigned long)
0 18
fn=std::ctype<char>::_M_widen_init() const
0 413
fn=std::ctype<char>::ctype(unsigned short const*, bool, unsigned long)
0 58
fn=std::ctype<wchar_t>::_M_convert_to_wmask(unsigned short) const
0 146
fn=std::ctype<wchar_t>::_M_initialize_ctype()
0 2716
fn=std::ctype<wchar_t>::ctype(unsigned long)
0 20
fn=std::ctype<wchar_t>::do_widen(char) const
0 16
fn=std::error_category::error_category()
0 10
fn=std::error_category::~error_category()
0 4
fn=std::future_category()
0 3
fn=std::ios_base::Init::Init()
0 264
fn=std::ios_base::Init::~Init()
0 26
fn=std::ios_base::_M_init()
0 192
fn=std::ios_base::ios_base()
0 480
fn=std::locale::_Impl::_Impl(unsigned long)
0 550
fn=std::locale::_Impl::_M_install_facet(std::locale::id const*, std::locale::facet const*)
0 12256
fn=std::locale::facet::_S_create_c_locale(__locale_struct*&, char const*, __locale_struct*)
0 14
fn=std::locale::facet::_S_get_c_locale()
0 168
fn=std::locale::facet::_S_get_c_name()
0 21
fn=std::locale::id::_M_id() const
0 948
fn=std::locale::locale()
0 374
fn=std::locale::locale(std::locale::_Impl*)
0 3
fn=std::locale::operator=(std::locale const&)
0 112
fn=std::locale::~locale()
0 48
fn=std::mersenne_twister_engine<unsigned long, 64ul, 312ul, 156ul, 31ul, 13043109905998158313ul, 29ul, 6148914691236517205ul, 17ul, 8202884508482404352ul, 37ul, 18444473444759240704ul, 43ul, 6364136223846793005ul>::_M_gen_rand()
0 9150642
fn=std::mersenne_twister_engine<unsigned long, 64ul, 312ul, 156ul, 31ul, 13043109905998158313ul, 29ul, 6148914691236517205ul, 17ul, 8202884508482404352ul, 37ul, 18444473444759240704ul, 43ul, 6364136223846793005ul>::operator()()
0 26093105
fn=std::messages<char>::messages(unsigned long)
0 20
fn=std::messages<wchar_t>::messages(unsigned long)
0 20
fn=std::moneypunct<char, false>::_M_initialize_moneypunct(__locale_struct*, char const*)
0 107
fn=std::moneypunct<char, true>::_M_initialize_moneypunct(__locale_struct*, char const*)
0 107
fn=std::moneypunct<wchar_t, false>::_M_initialize_moneypunct(__locale_struct*, char const*)
0 104
fn=std::moneypunct<wchar_t, true>::_M_initialize_moneypunct(__locale_struct*, char const*)
0 104
fn=std::numpunct<char>::_M_initialize_numpunct(__locale_struct*)
0 416
fn=std::numpunct<wchar_t>::_M_initialize_numpunct(__locale_struct*)
0 350
fn=std::ostream::flush()
0 183
fn=std::ostream::sentry::sentry(std::ostream&)
0 76
fn=std::uncaught_exception()
0 18
fn=std::vector<hftu::BenchmarkDef, std::allocator<hftu::BenchmarkDef> >::~vector()
0 30
fn=std::vector<hftu::BenchmarkResult, std::allocator<hftu::BenchmarkResult> >::~vector()
0 8
fn=std::vector<hftu::ValidateDef, std::allocator<hftu::ValidateDef> >::~vector()
0 15
fn=void std::vector<hftu::BenchmarkDef, std::allocator<hftu::BenchmarkDef> >::_M_realloc_insert<hftu::BenchmarkDef>(__gnu_cxx::__normal_iterator<hftu::BenchmarkDef*, std::vector<hftu::BenchmarkDef, std::allocator<hftu::BenchmarkDef> > >, hftu::BenchmarkDef&&)
0 80
summary: 171320583
